project_seed <- 2021091045;

inputdata <- c(dat0= NULL)
);
